EMD: 29.398501803542082
NLL: 0.5342957973480225
