EMD: 15.181101957541227
NLL: 0.002188333310186863
