EMD: 17.169744989698366
NLL: 0.0057808635756373405
