EMD: 31.481225924356607
NLL: 0.9929249286651611
