EMD: 57.34491028245841
NLL: 1.5293675661087036
