BLEU: 0.30972222222222223
ROUGE-1: 0.3537706465062046
ROUGE-2: 0.1297118696486641
ROUGE-LCS: 0.2704127120208052