BLEU: 0.292021688613478
ROUGE-1: 0.304920781920225
ROUGE-2: 0.09839440147559848
ROUGE-LCS: 0.24102308933558741