BLEU: 0.24266455194290243
ROUGE-1: 0.24910950826218697
ROUGE-2: 0.07992342322460316
ROUGE-LCS: 0.20035468769176829