BLEU: 0.23879231473010062
ROUGE-1: 0.2230453081417436
ROUGE-2: 0.0607378213200626
ROUGE-LCS: 0.17150543736633417