BLEU: 0.30437903804737976
ROUGE-1: 0.3441461065458107
ROUGE-2: 0.12217469017065748
ROUGE-LCS: 0.26448142335633174