BLEU: 0.3083397092578424
ROUGE-1: 0.32263271413770644
ROUGE-2: 0.11224386699115188
ROUGE-LCS: 0.2520404565644603