BLEU: 0.2706078268109908
ROUGE-1: 0.25535676379230254
ROUGE-2: 0.09045637654900927
ROUGE-LCS: 0.19727531357146966