BLEU: 0.3167520117044623
ROUGE-1: 0.3465546104497868
ROUGE-2: 0.12836815346391814
ROUGE-LCS: 0.27175564185690826