BLEU: 0.19572953736654802
ROUGE-1: 0.18826516847871883
ROUGE-2: 0.04693806110386987
ROUGE-LCS: 0.13294394046814118