BLEU: 0.19441944194419442
ROUGE-1: 0.15688305019988685
ROUGE-2: 0.049388172391750744
ROUGE-LCS: 0.12356232704785278