BLEU: 0.28560490045941805
ROUGE-1: 0.29289343905349885
ROUGE-2: 0.11126555417550224
ROUGE-LCS: 0.23865364622177043