BLEU: 0.31428571428571433
ROUGE-1: 0.33972420543105697
ROUGE-2: 0.13453839042358834
ROUGE-LCS: 0.27320559361364677