BLEU: 0.19962511715089035
ROUGE-1: 0.179058742905426
ROUGE-2: 0.05498421419929007
ROUGE-LCS: 0.14771145381464973