EMD: 30.802661220919674
NLL: 0.5357702374458313
