EMD: 31.818736236441303
NLL: 0.5303214192390442
