EMD: 88.7807218060384
NLL: 0.34216341376304626
