EMD: 59.328306418021384
NLL: 1.5306822061538696
