EMD: 58.71982264651448
NLL: 1.5233941078186035
