EMD: 56.25096279858453
NLL: 1.5159121751785278
