Reset when is_end
BLEU: 0.5111111111111111
ROUGE-1: 0.5270222942784595
ROUGE-2: 0.3188618742835393
ROUGE-LCS: 0.46935215880686987

Reset when no children
BLEU: 0.5115541425429444
ROUGE-1: 0.5306724842241435
ROUGE-2: 0.3205496478811978
ROUGE-LCS: 0.4675197311881899