EMD: 56.82161920512367
Accuracy: 0.72975
