EMD: 56.12609008223675
NLL: 1.5209388732910156
