EMD: 58.133633107006474
Accuracy: 0.76445
