EMD: 29.919632932252245
NLL: 0.5400548577308655
