EMD: 39.76889963957963
NLL: 1.0105432271957397
