EMD: 35.56839675457326
NLL: 0.9281265139579773
