BLEU: 0.2920830130668717
ROUGE-1: 0.3962575531180479
ROUGE-2: 0.14827793230799802
ROUGE-LCS: 0.3176688971932633
RTF:0.05727614352577611