EMD: 15.54478581801238
NLL: 0.0028156903572380543
