EMD: 58.86999308824848
NLL: 1.5336641073226929
