EMD: 38.027582917134666
NLL: 1.002982258796692
