EMD: 56.879581103486586
NLL: 1.5365633964538574
