EMD: 58.29039068113491
NLL: 1.5280636548995972
