EMD: 54.3797092081053
NLL: 1.5411547422409058
