EMD: 33.64960832419436
NLL: 0.6633793115615845
