EMD: 33.033573764995346
NLL: 1.0184003114700317
