EMD: 27.76600388093804
NLL: 0.544491171836853
