EMD: 20.34951657680171
NLL: 0.019609494134783745
