EMD: 36.44380572667676
Accuracy: 0.96095
