EMD: 29.637920921715484
NLL: 0.9296215176582336
