EMD: 42.04050093445558
NLL: 1.0317937135696411
