EMD: 33.24312574034563
NLL: 0.9979106187820435
