EMD: 19.832497451485988
NLL: 0.04320743307471275
