EMD: 30.338792086872758
NLL: 0.5827944278717041
