EMD: 41.68344925298638
NLL: 1.022708773612976
