EMD: 17.16778457691033
NLL: 0.01330455020070076
