EMD: 38.35737004167272
NLL: 1.0018972158432007
