EMD: 30.882288828377444
NLL: 0.9292898774147034
