EMD: 33.475951548094294
NLL: 0.9503657221794128
