EMD: 37.445436194969005
NLL: 1.0062334537506104
