EMD: 27.980489118786956
NLL: 0.5395272970199585
