EMD: 25.13617232260425
Accuracy: 0.99665
