EMD: 12.163432289507188
Accuracy: 0.91885
