EMD: 22.957422125446545
Accuracy: 0.88925
