EMD: 18.9724449896201
Accuracy: 0.98445
