EMD: 34.04103914463809
Accuracy: 0.99955
