EMD: 30.545680018603953
NLL: 0.9446280598640442
