EMD: 28.745905961088425
NLL: 0.5238142609596252
