EMD: 43.688671369900064
NLL: 0.1226605623960495
