EMD: 33.61817505507778
NLL: 0.943522036075592
