EMD: 30.484210710811176
NLL: 0.946744441986084
