EMD: 27.401461110843393
NLL: 0.9379900097846985
