EMD: 18.357428577668372
NLL: 0.024975497275590897
