EMD: 63.06648407588698
Accuracy: 0.83075
