EMD: 39.272884212756196
Accuracy: 0.99415
