EMD: 77.68708125227295
Accuracy: 0.99825
