EMD: 20.265370721491006
Accuracy: 0.95375
