EMD: 62.98465877850681
NLL: 0.2021220624446869
