EMD: 60.4860863041151
NLL: 1.506726861000061
