EMD: 32.20867909398389
Accuracy: 0.97565
