EMD: 40.65088351397414
Accuracy: 0.99785
