EMD: 42.87402718591488
Accuracy: 0.99995
