EMD: 34.407070651831376
NLL: 0.9810410141944885
