EMD: 57.147070113276605
NLL: 1.5176643133163452
