EMD: 34.59635103901271
NLL: 1.0495489835739136
