EMD: 26.549315711491015
NLL: 0.5795824527740479
