EMD: 28.285594900617212
NLL: 0.9632693529129028
