EMD: 33.36573943927033
NLL: 0.5297378301620483
