EMD: 36.522259003481764
NLL: 1.0054632425308228
