EMD: 39.98766534686983
NLL: 1.0240333080291748
