EMD: 57.307311907853716
NLL: 1.5371278524398804
