EMD: 19.619585422398167
NLL: 0.0014071227051317692
