EMD: 44.8987888190064
NLL: 0.9476767182350159
