EMD: 26.413668395834218
NLL: 0.539888858795166
