EMD: 20.0796363603419
NLL: 0.04090782627463341
