EMD: 30.97612079206406
NLL: 0.5396251082420349
