EMD: 38.61840384830102
NLL: 1.0076485872268677
