EMD: 19.589913739280632
NLL: 0.007899288088083267
