EMD: 28.948435029310758
NLL: 0.964350163936615
