EMD: 55.99864885128106
NLL: 1.5527132749557495
