EMD: 34.76262893396516
NLL: 0.9837207794189453
